1219 5619 1624 5116 7003 8302 8386 5208 9442 5282 9977 5328 7588 239 3878 2135 1158 9173 705 9877 1488 4815 3348 5772 8586 1021 6831 5820 7002 3798 2093 8403 973 957 2199 153 1395 5540 2311 4636 2768 990 6576 5127 48 3226 6012 2488 811 1581 5926 5106 7386 846 6041 1120 4089 392 5704 6235 829 268 6112 5645 8039 5365 6555 1495 7769 7536 3238 3057 1881 9963 261 2400 7716 8765 1046 2461 37 599 243 8403 9606 170 396 3657 421 2840 6324 5089 9995 3215 6427 3871 8522 8100 8956 3470 
8565 7932 7367 4528 6644 4193 4946 837 8343 8402 2540 2334 1723 7452 4338 7618 5563 3192 9989 848 6153 7013 2636 4278 845 3496 2054 3153 4861 3424 9266 4678 7246 2831 5651 7153 9865 1750 1838 2236 2402 608 502 7506 3397 9443 7258 3797 6466 6178 381 9741 27 7638 1414 3361 746 4429 3993 5915 5209 6147 5718 9687 2764 2497 2720 2460 3458 4020 3281 7758 1388 784 6924 2963 5532 9956 883 2261 7314 3391 8042 8039 963 9987 2267 4476 8092 6265 2460 2468 4053 9925 3838 9032 633 1355 5191 6024 
5044 2930 1683 6675 3358 1257 7478 1575 472 4615 9925 2602 1364 4951 6965 3032 1450 2644 404 189 7832 3409 1351 1013 8826 3420 1987 3058 7386 9060 6129 9615 5818 8185 9516 3155 1855 4051 2588 5799 2432 7893 9160 2075 2896 8979 4823 7126 2456 1970 1095 4573 7641 9967 4850 3798 8831 1378 9662 2541 5050 1124 7812 1815 5450 1104 7620 1173 6984 5350 9126 1515 5805 7573 1732 514 7213 4986 2966 3386 1284 5940 7982 5972 1748 9738 9749 6495 3549 4623 885 9761 9439 1060 1738 1865 9948 5247 9667 674 
1569 1035 4876 1419 2390 1984 849 8181 644 6644 3036 1692 951 4770 1999 8698 9876 7914 3129 9896 4332 8985 818 1270 161 1003 3081 5821 8265 5790 9393 339 7761 1145 7911 8862 1396 4461 5319 9613 3308 2858 2047 9812 808 7525 5220 5798 8303 2152 8516 4376 9939 3610 9148 9587 2313 8321 4539 394 8457 2918 6134 7581 5969 2648 4445 6782 8367 5492 9550 8082 3582 6691 4537 633 3152 1044 4244 1826 4333 1499 351 968 6539 3722 9467 5970 7551 1775 6950 7418 8755 126 4826 4091 2088 4977 8216 6001 
1790 2269 5246 5596 8097 2599 1488 2165 2150 5479 6806 68 759 7467 595 4752 2171 2319 7126 3177 3018 2588 8676 1075 4799 6990 469 7524 1343 1723 1102 2464 329 6369 9712 2898 7278 271 334 7534 9379 7062 708 2549 4165 8497 4886 9768 7820 1251 4151 5473 2419 7840 1756 670 4103 3631 3664 7039 4445 638 5273 1699 1753 1607 8618 5005 5341 786 7722 2221 3823 9802 3813 8332 2158 7188 850 4104 806 7373 4325 3089 7713 8148 4678 7859 1585 7944 7841 533 5899 1939 3807 9889 8470 3415 4933 2902 
1989 7688 6748 6826 6337 1018 5121 4147 8907 5836 7022 6504 4160 854 9800 7763 9117 7215 682 4954 2341 6674 6498 4638 1233 1 6234 8340 3063 2234 7226 6306 719 5913 5260 9836 5186 1343 928 6528 5763 898 2225 5295 18 709 8328 2733 639 1209 3920 3850 7804 1571 1497 258 1462 6128 6833 5170 5525 1815 6896 9212 8818 2862 4786 9325 1577 9184 3130 7981 1711 1293 661 6694 693 8194 7725 4440 7310 8762 3296 1565 5117 6005 304 8729 4163 8553 3564 1924 7720 1990 942 8811 6295 94 3302 1251 
287 4565 9223 6976 150 4565 6817 2037 369 3413 1407 9132 7954 7131 1394 233 3297 8351 2142 1194 7935 5203 9138 2498 8919 368 9198 9334 2485 8866 3536 6695 9035 9750 4000 6257 9345 6258 6093 7780 637 7015 2855 3489 4116 6035 5550 2647 6000 298 2906 1998 9635 934 4413 371 3034 636 1559 8214 4981 1824 1896 1857 5718 3084 619 74 280 541 3105 9962 3266 2959 1147 8463 3900 9355 6780 5647 4289 4077 5790 9757 7142 1994 7764 9681 4154 7026 6289 4387 9630 4082 1239 2521 4567 6222 7841 5874 
498 1277 4453 5281 1895 5749 964 973 9201 665 2549 6728 3869 768 4049 9055 2129 2632 1247 6914 8239 1546 1715 1061 3305 448 9171 5126 2759 1364 1723 5376 264 2027 417 2783 2037 434 7051 7748 7404 7703 2303 8507 619 6460 4843 3212 4523 2951 8903 3679 8656 7821 8999 7412 2206 4353 6981 8465 9342 6791 1151 1805 9169 510 3261 6637 4916 8141 9750 412 6916 7901 1939 8721 2292 3319 7092 2588 8045 5520 8450 6704 3414 1714 7668 8583 2484 4461 7942 6450 771 5790 8919 1585 5062 1374 4465 6131 
859 542 2239 397 2706 5617 2106 4688 4048 4060 8084 5206 1903 2601 2361 5069 7928 7938 4546 6760 4084 828 1772 8113 3679 497 2345 5412 1278 1731 9190 136 7603 9854 7756 7871 2462 4909 1594 7153 5686 7472 3475 1667 1864 620 4020 5741 2255 1748 4826 7325 3509 3207 4641 4838 1033 8057 8815 2717 3250 86 4578 950 7523 4372 679 8969 3199 8457 3949 907 1646 4589 3449 5771 1953 2929 1564 810 3859 8944 994 2702 2752 1044 1932 3129 4282 7229 2384 4437 6361 1870 9758 451 3171 168 9911 1333 
4654 6939 1930 4168 9313 826 6559 54 7217 9806 9575 1946 7611 8638 9443 2981 7596 7950 3780 7377 8441 1781 6099 7477 5325 2211 2003 2872 8973 9395 5492 4105 5890 9661 1977 4734 2407 9375 4187 5787 6497 8461 9087 8710 7487 3255 8325 3593 9314 4458 1235 4327 1471 1562 4146 3011 7571 3166 6104 5869 6759 1980 4757 2398 1460 8390 2513 8294 7591 8437 3318 1284 1352 5798 346 8550 3176 8530 6929 7633 8506 8034 1792 5843 3204 4194 6308 5415 9861 6486 3300 1146 3001 3931 3412 5595 6939 1823 3948 5656 
6170 7827 1001 5287 8207 5647 5586 8497 3470 5207 1837 2470 1259 5837 3235 8909 9183 6152 2433 6107 1675 8083 1281 1062 1580 4568 9992 9050 1696 47 4833 7212 1320 7905 4346 813 7902 8770 3486 705 1800 2879 3539 4208 4686 1956 1492 2861 5753 6145 9665 9701 1820 8030 4182 330 3784 8220 329 9617 3354 5614 1240 1241 9160 6808 4371 5150 6140 7319 6405 5212 7311 4449 1513 7687 9690 1870 1707 2154 7737 7271 1820 5086 4593 8862 3658 4318 2772 8062 8624 122 562 772 5689 3912 4914 8751 9387 6017 
4113 8676 1457 4411 2715 7829 1913 2018 5432 9059 1008 1901 9064 4865 4475 9887 5314 7275 9511 2442 1880 583 7443 427 8528 6394 4380 978 3983 8494 5001 5408 1271 4387 2201 8582 899 2548 8186 2283 2095 2859 2971 4030 3837 344 4340 461 3094 9661 6292 310 9086 4509 1115 6364 2411 8583 8265 6077 6407 4110 3495 6817 851 2923 1413 7588 463 373 3843 9528 3656 7839 388 8357 8033 1202 5424 1907 8069 9341 2233 346 4236 5723 7872 6967 6700 7604 4745 5201 6865 4214 1676 2477 7120 2453 5549 6415 
8040 4688 3534 1842 9579 2726 5268 2586 7804 7177 103 823 3096 3794 318 93 122 6806 6011 3842 6906 647 7666 2232 214 734 9184 7820 5364 9767 5817 701 1510 1117 1970 3281 8655 409 8833 1236 1173 2389 3586 2547 5895 197 7211 7752 8641 4728 1122 6263 6798 1835 93 632 413 8910 1259 8085 1895 9660 7105 8439 624 9669 3927 9404 9628 6238 3220 9485 3572 428 1143 3917 4137 9885 6024 8339 1864 4232 5471 540 1167 2213 7075 1754 4367 1759 1509 1714 1282 8313 9053 4437 1471 9823 2549 1741 
3339 2495 854 7627 7842 6504 880 7742 9287 9426 4622 4758 6504 7838 312 1721 3062 2527 4570 4838 851 1144 838 1417 1885 1608 2214 9695 1386 2676 1044 6090 3348 5620 2301 8311 1463 6369 4803 1101 6600 1244 4547 569 9449 6915 807 824 4858 448 6060 8708 3282 6706 2982 339 5855 6816 9122 2028 4042 7099 8220 4220 9774 8979 115 9304 9322 6317 3914 9812 6821 2996 9328 3379 3922 606 9410 368 1653 2272 5936 7308 8020 1396 45 6968 8065 9209 1530 9910 519 5276 5718 2171 994 2870 1599 3496 
948 3190 348 2889 22 9265 8942 4221 6092 6903 4179 7144 2332 7831 573 2469 7760 5942 4195 1920 2714 9916 7639 8627 2072 9935 8008 6415 872 2820 9432 6125 7741 9907 1841 9157 8994 6027 7043 943 9534 3270 8769 1145 6809 7278 5565 1145 911 2688 433 8387 6723 5296 4863 6892 6293 9885 5163 3231 8135 214 9352 3088 4044 7165 3424 640 321 1723 7577 7585 9697 4324 9668 3867 6020 8765 183 7102 2216 1755 6589 5528 6339 3101 2604 233 6487 1709 7320 7637 8695 8899 2470 9865 8841 4507 5731 8098 
1613 1720 9862 9467 6669 6920 660 1078 1924 4602 1219 7533 6596 8270 1632 8472 3299 3548 1173 7601 7830 5303 213 5079 5025 9651 7418 4288 2989 3717 7761 9331 1499 2778 740 2565 3481 1227 6665 8977 274 4031 3609 9213 1914 1745 6291 3851 3131 1012 5633 1998 137 6644 2412 814 3389 175 6508 7613 7520 963 3042 2570 2406 9658 730 3510 9501 3492 2667 806 9542 3219 9809 9576 6835 3933 5196 5337 9618 6797 4730 2614 3401 9483 5315 6065 5538 637 1268 5143 8105 1886 9006 320 5012 5743 2335 2983 
9810 7739 9250 8539 7527 8031 419 2868 1271 5433 277 4266 7568 9136 1959 2690 2254 884 5924 794 7017 4296 5210 8376 2289 6509 4846 6589 5485 1345 4509 5088 8592 6840 4294 2889 285 2953 3559 3994 1469 4621 6293 9013 8351 5955 4496 6122 431 1224 1301 3695 4393 7941 5526 2854 559 7097 888 1353 2090 9240 2651 745 7438 5908 6815 3303 2129 3244 3797 210 3854 5954 3604 6691 3284 2113 8733 1925 148 8654 6880 506 2491 6990 1392 4777 2508 1993 293 8860 5811 3597 4145 4297 5349 1670 5894 735 
1163 13 9381 1124 6721 1663 937 3148 8554 3855 278 8701 7190 2942 5388 4625 2695 1018 5665 5467 672 5621 1821 9325 1423 1047 2823 6906 5964 5862 3441 2103 6514 6838 3311 9768 8543 2828 1550 5736 295 5431 1187 8472 285 6097 689 9260 1876 4833 3183 5827 9458 7413 5993 8934 1958 5151 1733 7618 332 9069 6969 1369 5567 4222 5036 453 2431 2769 4298 7775 8435 6944 2732 79 2800 6205 8407 821 7930 7404 771 7416 7914 2882 2767 3677 9778 860 372 3370 4141 9650 4055 2923 2266 6829 450 3684 
8906 6423 6405 4088 3927 962 937 7482 5512 4669 838 2755 5314 1858 6166 4147 2498 851 3865 2747 4424 5590 2986 7914 486 6510 7873 966 3274 1788 1899 9549 359 6501 5159 1005 4283 9750 7202 5297 1068 6198 4806 8941 1204 1019 1854 2284 9839 7920 2141 1303 307 3685 4736 8425 7104 7399 4433 129 1815 7618 9245 488 6591 6260 680 6356 9734 9731 3216 4955 9525 3282 5503 300 4871 4640 1237 3211 2908 9538 4981 4315 1785 3650 9998 1665 3602 5079 2574 6550 4906 2535 498 2365 4810 5034 8689 8406 
4304 1490 4345 1314 1114 1720 8185 6488 2772 2168 8002 8967 383 6159 3672 9949 2546 3684 7901 9512 5300 8389 9503 3403 2283 1684 5649 7859 9631 5474 4968 5226 5811 841 5175 6044 5173 3392 941 360 3459 1675 1212 8410 2816 4322 4030 2342 8999 8915 8483 1735 6624 9482 9726 4297 241 2672 9441 7539 7543 5233 3670 8090 7557 2226 6736 1474 1211 7955 225 4582 971 2002 4685 1050 5400 3872 3006 8206 9648 1400 6538 4918 6636 8285 578 9880 6101 8963 4764 1557 2441 817 6243 2540 9406 5317 9278 9516 
6150 1144 9790 2248 3140 7844 4220 8752 7966 5203 2082 9149 180 7354 536 1837 7344 806 531 4000 2670 2021 9257 3489 8398 6505 2504 89 9479 8408 5031 7201 8782 6471 1757 727 3287 3593 6529 2964 3292 9250 3873 3819 1148 5457 8167 9315 7093 3597 2585 2008 2085 4703 9776 6495 8589 2657 2331 3753 4151 2261 2677 2219 5306 761 1076 8891 4060 6105 3076 1325 3255 262 3827 2367 287 1318 9102 4833 9939 3755 876 6298 9201 9560 4089 6087 3599 2946 1206 8052 6360 4563 4575 1840 9331 6917 2765 1580 
3594 861 9005 5525 9913 8566 4688 914 198 1936 9461 8223 6273 7223 4068 6924 8203 537 7484 8432 4188 6051 208 706 7295 9931 7837 1225 9105 8387 7439 2370 1050 1340 1444 7906 4426 9498 7569 7084 664 6775 9043 7205 2199 2186 4729 983 3227 2345 1697 9283 5755 6732 480 9242 9174 9908 6022 2350 7514 3628 1313 9108 6611 4111 3969 3165 6434 4474 6412 7237 3566 9459 2402 1851 5695 8443 9956 4307 3272 16 9376 2280 5572 5829 6000 8854 2469 2966 1908 614 4857 5479 7901 8379 4254 6509 9372 1118 
6376 991 762 6469 9040 3309 3305 4585 3838 802 5211 1463 4523 6582 690 6183 1088 1959 6343 7308 4212 4506 1950 3771 1604 1788 1850 9967 3443 4494 6893 3932 3172 8784 7459 1379 9941 8572 9200 5718 2191 2919 8791 1293 2491 9236 2253 9335 1623 7050 1149 36 6921 6854 7356 4691 1796 948 5104 3464 2969 6490 7757 4433 7615 1973 1712 7304 1222 9657 3984 7915 2648 691 1825 299 3713 2097 4362 738 9441 804 1194 9512 6911 2036 5783 8599 720 7429 7975 1662 4344 5082 2402 5027 9601 6919 1559 1085 
6090 3435 1839 4496 7281 4397 5503 330 212 1749 2066 1742 5908 7311 9014 6943 1516 6236 1333 3071 1 6250 8071 6088 2874 9781 2182 6011 7505 6061 7874 8295 474 8170 9558 2829 2803 9325 2155 8130 573 633 4091 6052 9803 7362 3817 2272 6328 2565 7327 1875 1438 8504 1368 5311 7652 7027 3199 7265 3272 2383 4359 3249 2397 1822 4221 6474 566 1308 1403 3018 8868 6420 8383 5260 76 6134 6571 4180 3501 6599 6301 7290 5936 7529 9442 8332 6033 5725 775 6557 4557 7718 7552 8994 5372 2048 6589 5806 
2097 5025 5705 4748 5728 3710 4868 6077 2015 3809 9380 2851 672 2538 8 558 110 1044 8397 8420 3622 3402 3908 2310 889 6137 9588 81 1167 7895 9404 9090 797 164 8652 110 41 4032 9924 7569 2158 6653 4412 4437 6508 2583 9414 6965 9681 1777 8241 354 2590 50 3584 4230 3667 560 5435 9799 877 875 6323 9710 7473 2493 5595 6329 1721 5841 3606 3918 5070 1474 6668 2129 6230 2021 9169 5224 545 3001 743 4877 591 5357 2 979 4 1684 2892 2940 5550 2197 5755 634 342 3861 5792 7669 
8933 8985 3490 7197 6570 5622 6746 2321 7785 6908 3135 863 7701 9603 4341 4236 1841 7636 7042 2502 580 9051 5361 3032 8331 8924 5323 5486 9492 8356 5794 7130 6408 1312 8063 6294 8807 2532 847 139 8443 4693 2698 65 1862 5943 2005 2184 6045 3199 3336 7703 7322 7216 3537 2339 2316 3352 6330 3010 5186 1680 521 6447 7128 9295 7799 3521 1344 8945 9700 520 964 9751 4617 4136 75 7998 2301 8441 9467 4212 1196 6765 190 6808 6484 4628 2696 242 2066 1533 9560 4547 2189 3326 2333 9102 9617 773 
6683 3846 7936 3296 1901 618 3171 1194 2333 9519 6631 4231 3858 845 2150 3298 3162 1773 8866 9636 152 7441 2266 7272 7695 3748 1382 5277 9824 3827 9653 604 6432 604 4714 8106 3294 1062 9090 16 3267 338 9225 9513 7531 1889 6942 3260 1011 1062 5412 1371 852 797 5882 1563 1007 2155 8749 7477 121 6264 3260 9612 6840 7595 3100 3328 3742 6244 6781 7266 9382 5296 2685 5753 1517 1368 5532 4964 1460 5243 912 9809 291 3086 1082 8094 3855 4881 536 2142 5839 6132 7772 7822 4331 6505 7917 6072 
5638 8252 5404 9191 7358 848 6906 3149 6177 9163 4328 4610 2403 9893 1295 9198 2221 8477 2482 8440 5240 8653 5824 7455 9546 4543 8670 7610 9968 2336 5124 9419 1325 1636 567 4393 8514 1226 152 638 7359 3153 1722 750 8072 9435 2553 6985 1419 833 9450 3763 8801 5208 9293 5874 372 5074 8954 3703 2224 631 747 721 5244 9574 7094 2126 8811 8439 7983 1428 4702 5379 9787 7055 2876 3302 7975 7659 3685 3715 6730 8645 2819 2360 5688 5821 1234 8228 8073 1487 1442 5783 9177 8834 7323 7705 3489 3999 
4384 3342 7095 9158 1638 2039 2577 2318 1399 9772 7519 8908 3074 4841 2122 1719 8518 1239 2583 7225 543 1437 1921 5928 5375 1655 9334 3045 5745 1365 3008 3972 474 4567 1480 7278 1553 6263 598 3220 7328 2135 139 2692 7435 1630 1570 2273 689 3517 5924 5982 4961 9062 8380 7115 4719 6495 1274 2451 8022 51 2588 6661 2496 6826 730 2434 2692 6411 3568 3254 4528 2527 1457 4171 5639 2887 5770 4714 2604 1408 1718 2259 3248 9622 9008 256 3737 3559 7885 9348 7155 186 1147 6265 6043 2608 7269 2779 
3258 9465 425 2111 1502 858 8859 1081 7583 2654 1867 8572 6641 442 6036 7730 4117 1333 4583 8446 2405 2184 9352 7536 4400 2355 1286 2106 274 3248 1889 5201 776 9339 9319 758 4163 3122 864 3285 1419 9130 683 2957 2581 9458 6088 4497 5608 2108 631 1599 2572 9481 6993 5087 7572 9604 358 8622 5598 2322 7142 860 5497 5177 2084 3586 294 3086 6056 8760 9090 4675 7796 7638 4851 7841 9145 1705 8480 6786 826 5817 3494 1411 9425 3273 2744 1911 2161 5374 5991 5023 2253 4115 4227 4745 2535 7340 
7856 599 8619 7610 797 4114 5228 1967 8049 1054 9775 2 54 8831 9127 8485 6298 8940 3633 4869 4244 3412 4177 9810 8372 4318 3740 3600 4798 1045 3704 6652 9449 6052 2800 5283 531 894 1453 5952 5879 9569 6450 468 5905 2476 4870 3179 5057 9118 6663 1388 5727 7937 8637 6193 1534 3720 956 6681 3299 2932 7839 5738 2312 381 1217 4890 3308 9231 9693 9184 4990 2707 4938 3991 5402 5040 447 3059 5715 2305 1165 1382 3569 712 1452 2213 1676 2819 3318 6695 9610 31 868 3934 1094 602 6549 3817 
2402 3662 4086 6376 3902 330 6607 7426 8937 1843 858 6404 8854 9403 9849 1067 707 4960 520 5140 2407 4521 4145 4017 9098 7821 703 1231 7850 1508 4309 3718 4875 2257 751 129 8542 81 2889 3598 2389 2365 4159 6615 2469 9094 1029 6467 2797 2530 184 4599 1974 6737 1284 9457 3692 4246 1704 1670 6509 3970 5607 9450 3279 8947 2256 8160 9478 1213 3584 9603 8198 3015 6550 9445 1958 1674 1383 6805 4822 4965 4004 3638 6034 3460 953 3629 6344 6946 2983 8251 1174 6637 4388 4605 2263 121 3153 5008 
4688 2456 5788 1273 9829 1592 6215 1300 7362 2445 9353 5578 23 7969 4756 2121 4883 7529 6663 7583 8260 2186 1796 5254 7822 4236 4660 9815 891 9101 4442 8632 6785 6921 7733 3175 3466 3897 554 2636 3360 25 50 5018 2663 2478 8896 5031 688 1256 293 9405 1675 4229 151 383 9836 4807 1568 8911 8626 598 3571 6575 3028 2728 4948 1383 156 7120 8952 2871 2041 9109 346 557 8031 8053 7632 8009 1330 8570 9325 383 7075 8731 9273 8157 8010 4166 7550 7230 6580 7325 9972 4270 3615 1310 1327 5167 
8132 2615 8935 5467 2900 2170 1017 203 9671 3949 8620 6279 8256 1174 8534 6079 4277 2741 6832 9290 541 1442 7879 1612 3499 7848 6757 2269 5082 7410 5296 6376 7721 1430 2784 9009 74 2223 7367 9627 4918 1887 3196 185 1395 9620 1064 3555 8584 4074 6949 5772 4735 9074 3428 7633 5308 5970 4558 708 6910 9084 9181 1754 9204 7075 7532 2737 9570 3900 3068 8775 2132 2210 216 5191 9778 3932 123 309 3556 6402 8497 5788 3608 2814 668 9605 34 9648 2152 379 451 2165 5376 621 4957 1688 5586 8243 
341 1305 4624 6325 698 7726 2217 1881 4310 8519 1752 6411 9315 5862 8491 4337 6511 1727 6134 575 1187 3772 297 4425 7232 1332 3568 9960 75 2637 6873 6703 3211 159 1371 5230 8256 8171 5413 8726 4374 5564 357 9598 1467 2749 4234 4309 2973 7115 1964 5097 535 157 1738 8343 7886 3505 7348 9332 6215 8680 5003 2716 6411 6725 5477 4410 6237 7442 774 1015 155 7796 3179 4645 4948 7055 3944 3710 2698 7437 357 9225 3639 315 2900 5518 5988 2757 7606 5961 520 5507 8335 7700 46 7811 1943 8752 
4330 1898 8482 7460 3085 1253 1986 5066 4647 5701 5052 5669 1725 618 1881 2216 2619 7151 2189 1683 9755 7094 5293 4111 3927 8501 8908 957 7163 8002 4135 185 8783 2059 2403 3589 5395 5289 5219 339 2011 2534 4206 5666 1806 6204 7167 366 2314 1568 4463 465 6506 4447 2497 4014 8395 2743 2444 6912 2683 3497 2719 3838 1330 2606 8383 5585 7798 2568 3076 4217 5050 5562 37 7069 1030 1514 2449 8706 1357 7558 3793 5071 9274 2213 1370 174 9677 4704 4950 7876 6165 8272 3957 9109 4734 682 5952 1986 
109 760 9663 6420 1721 8025 2091 62 5965 1645 1254 5470 6635 7113 698 9364 195 3874 4128 3062 9012 3320 3346 211 7346 4080 6947 4134 2777 359 9389 3678 9553 1923 842 940 6546 9020 4663 3788 6746 540 8247 5928 4365 6386 7684 9561 1580 6221 4123 4655 8665 1687 1000 9235 7834 4288 9151 3019 5804 4333 9422 2206 761 7585 6383 4969 5069 2874 8498 5905 6454 5455 922 8553 3482 8457 934 4230 382 2127 2003 129 228 7062 3264 4317 3876 4504 2563 6906 9646 3301 458 8698 238 888 3349 2738 
3858 844 3554 3027 40 1422 4072 8857 3947 564 1384 7059 5424 3934 1248 7236 2476 1932 7475 2713 7432 9185 3078 141 1160 2118 4427 2170 7432 9986 4403 8912 504 1113 6240 5818 2633 4018 857 8319 5048 2413 3650 2391 5707 1140 939 1392 1818 178 1879 6799 1264 562 8352 8570 8225 9801 1400 1221 8126 1878 7811 731 3623 489 2180 2832 1233 7666 38 4389 6024 7867 1564 1388 406 8249 8522 2284 9077 2606 6709 4071 9377 9715 9944 9546 2514 2293 8969 5108 3817 1341 9132 331 88 6548 6215 3276 
3015 1798 4901 8785 2676 7719 8174 328 2266 307 3206 1105 4406 9722 1413 7144 2118 2733 6712 6388 1186 770 8407 5439 7872 6462 2294 2424 563 5491 2399 3173 7027 1927 2639 4732 4595 2455 5744 1684 2511 5676 872 7783 1748 1726 4656 987 7237 1782 3111 6690 3498 9496 7432 8942 5532 8641 6825 4921 3967 445 1237 3668 2495 9644 7741 1422 4094 3957 2986 3672 1468 6028 1927 8214 536 7441 8780 2920 9894 6809 9197 1242 5890 3504 5749 4697 4980 9822 9549 4471 3013 7002 2450 9329 7744 8781 7526 4015 
5580 9337 7829 9003 6873 9113 2378 2566 3993 922 883 6455 9890 9371 9555 645 1361 9217 2278 6904 6273 5262 122 9226 1436 4915 2205 6004 6817 4787 4913 246 646 9866 4647 8903 3872 7693 1067 6974 3601 7620 8972 3616 4433 3270 5439 5931 9472 9987 2388 418 6874 760 2105 1610 1229 863 8653 5732 87 885 8424 2749 5748 8208 2569 8018 2246 7840 2433 1848 1861 8212 8574 5386 8138 8385 9866 2404 2502 6095 661 6912 8888 5429 816 1711 943 5686 9164 139 8109 843 6642 1194 61 2259 4404 3349 
3654 4472 979 3562 7839 2004 8899 9566 7494 7908 6988 1335 6524 4748 8131 5946 9059 4459 2712 4960 9083 5457 4785 5967 8841 1742 983 6758 3785 4076 9406 7016 5462 7519 2347 2765 3319 7996 2834 1845 9164 5576 8254 5502 1401 2850 7812 2200 4306 5284 8778 4455 6249 4870 5779 2313 4883 9508 8462 3817 913 2642 1585 6259 1374 220 3936 536 6644 7650 787 7492 8917 8436 6246 1951 2486 4234 6402 5473 6190 9720 6668 4794 8528 1088 7164 1697 6244 2312 1697 6554 3693 1101 3092 669 5271 4664 4282 4997 
7183 1056 6846 2438 5464 4080 846 3699 8923 9659 5348 7919 8142 1821 3032 7618 5800 964 4867 686 2036 7167 599 6819 8164 7829 9134 495 1209 2410 7521 5770 9792 765 1547 4962 2158 3413 4764 9730 3647 1277 7009 9576 3771 1725 1188 4999 6203 7212 4032 3738 7082 1635 3449 3498 1391 2595 297 34 6811 2170 2317 5680 8654 3490 178 8463 6990 650 9082 531 5083 6473 1267 2837 4092 2880 8986 3280 8894 543 4555 5963 5311 1051 8589 4216 5926 9327 1916 2539 949 2128 1238 1823 673 1173 1707 1462 
2594 551 2174 3632 8214 6790 6145 5214 1994 2044 9872 311 4060 8598 13 9290 827 6831 2732 5333 3648 4415 5775 9781 6065 9317 1381 7263 9314 1616 1550 4831 1775 1189 6322 9759 3513 700 7187 9339 5005 987 128 9906 5675 7639 428 3535 6836 6472 2654 1944 9157 1181 2874 2487 7540 1312 5440 9336 6297 5083 7107 7330 6447 1179 2797 5609 5243 3603 3617 195 828 3092 4401 4618 8739 1932 7809 3633 2261 5245 5196 3419 6382 2640 6197 5432 2633 9001 4480 4113 7133 1533 4995 70 1466 2449 9543 4918 
8693 7828 3875 3423 4576 6752 4635 4039 973 1597 612 9642 7892 6199 5564 2324 1971 7665 6872 6817 1542 3817 9630 867 55 5086 1044 9285 3559 7471 6264 7390 7406 5398 2849 4247 464 3670 1142 8192 2193 1984 2046 6736 3626 3996 4567 5500 6363 5894 6315 4426 8035 503 2080 1446 8159 6790 1999 6325 6863 2030 9336 4232 1487 2498 179 243 2885 4398 8762 1375 7702 8143 693 9676 5070 1078 310 5755 3791 5593 9623 1163 4361 7115 1392 2594 1724 7390 4893 7663 154 757 4127 5390 9296 2238 3650 2411 
6406 1728 9007 9386 1061 978 5427 3878 2472 7661 6496 2937 9511 4722 5570 2284 1872 9486 9956 8095 358 9021 2132 4891 9615 4989 2677 9542 4680 7429 1332 1335 1932 69 5149 1226 2389 9391 8798 7110 2418 5575 2428 7325 4265 936 7685 6468 6559 9527 2998 6004 1926 9051 6414 9184 8838 5981 8786 6873 816 572 2210 7182 542 6068 1596 5703 63 912 2576 2259 9970 8894 7476 3473 2592 3283 5945 9212 127 9694 5805 4811 5316 3473 8578 5144 3289 1693 158 6302 9135 29 7253 777 3493 7990 2821 2057 
714 1069 7744 7335 9296 537 6607 4667 2818 6043 2308 1133 5079 8524 2033 42 439 6278 6983 4185 5837 4469 9026 8255 6558 7695 8339 832 3913 1873 8894 3799 303 1244 1734 2696 1973 3969 389 8468 1528 2121 6880 732 5168 9560 8169 3194 8232 7314 3671 8380 6764 8894 8756 6354 9332 8554 7638 5643 2337 4303 7184 3178 4742 8055 1193 6591 4217 5965 6686 2867 3561 6884 51 6100 481 2426 7999 4498 7886 1661 9897 2153 3758 1167 14 1264 9194 54 5461 5857 1174 5176 3428 1179 9270 2277 1987 9620 
2419 1077 1729 5666 3086 2628 3127 8748 5747 2826 9210 5692 7922 8560 597 9512 3611 2496 9062 2385 1672 2108 9639 2780 3007 466 1728 7520 4615 6079 9195 7502 2075 2705 4585 5095 4222 5809 9395 7003 1406 1473 4018 14 6811 1410 995 7888 6058 7402 7766 7853 549 484 6150 66 7829 6695 7950 6193 8067 2396 1577 1079 8859 6490 7147 6428 418 5348 1358 7082 4233 5158 240 6673 9586 6076 4459 4299 5475 3716 8052 9004 633 8948 5721 3724 4735 5391 1861 7160 2399 7252 2645 9077 5848 2455 1376 903 
3377 8789 2434 321 3949 3986 4058 6381 5071 2581 3573 879 8111 5350 218 9749 526 2662 1064 418 5766 9696 524 1883 4182 4671 9592 4273 765 5633 368 1265 5828 1674 6326 408 9377 5835 6185 1354 7577 645 5673 7653 390 3993 9087 1665 9849 945 3035 860 7602 532 6605 7795 1006 70 1592 8403 3200 4366 1747 3457 8755 8173 4882 6150 9518 4668 1237 9776 5209 6916 9008 4229 6143 1875 619 601 3717 1118 2778 1953 8794 4898 8367 6600 1487 3024 7038 19 5689 7545 7042 6001 9701 2149 1934 1477 
8011 7754 8359 1334 4326 9435 6576 870 5539 4543 6373 6674 6568 9124 9581 186 8071 2035 1370 8738 2498 1109 5234 24 9873 135 9539 5079 1698 7162 6066 971 5905 143 2293 7221 7849 8705 5058 1890 7225 3618 9671 3207 5562 603 4716 7167 6032 8334 9542 617 4703 526 237 7211 7568 7650 896 1148 1572 933 1239 3265 1656 194 6153 4598 1417 2158 351 559 8954 1270 504 5023 4420 2587 1439 9624 3454 6891 9643 2916 9789 1634 5317 1029 7997 3377 3903 8936 4400 8109 1699 7647 2823 9579 345 4894 
9999 6923 3101 6966 3118 210 3392 5681 2350 2877 9454 3869 8520 5186 1265 5053 4933 5561 196 2203 2257 2220 346 835 4593 3035 5375 8524 9910 3283 3647 2744 4051 1519 2102 3551 2284 927 8456 3014 7887 2360 2146 9638 5751 5708 6832 5178 9406 3756 1040 424 6083 1323 8679 1812 3741 9749 6643 2658 8063 6832 2129 7051 7820 1394 3664 3409 3660 8291 4182 822 2288 7156 7649 6250 5378 4256 1600 180 2433 1202 8771 6659 8156 3911 9120 36 8300 8150 1864 4695 1527 9069 3001 8222 3810 7229 5013 9222 
6327 9416 3587 1641 3368 7546 549 914 2274 5479 1961 5682 9797 3203 2452 835 6259 2056 5788 2412 4679 8899 1076 8868 3033 9375 766 2634 8319 8327 8124 1556 2309 4726 823 9510 4432 737 1876 7654 415 3495 3300 4350 5539 8600 8666 1393 1121 7300 99 114 5846 1285 1841 65 1642 448 2760 8167 5896 6456 1421 6100 5501 724 107 9975 5343 6401 4648 3918 9488 9579 4903 9278 7491 2088 447 8501 9806 5573 1837 286 5792 7061 2629 2758 1061 8295 223 8669 4888 312 7008 894 7208 1690 1253 1778 
4222 2835 8327 2273 5518 1704 1660 603 1740 827 4506 3607 2321 5042 2546 8810 9534 9371 1130 6538 704 6701 619 2259 1893 9984 1740 9098 605 7984 1375 704 213 798 8827 9337 7472 2232 217 8893 8167 8905 2307 8815 3315 2724 3210 5836 7575 1053 4247 1654 6323 5529 3620 8562 4535 8023 8923 8991 9045 511 8719 8505 715 746 1275 7916 6191 1297 1128 7292 2139 1803 1762 8580 4843 3410 9341 7486 6980 7413 8100 7939 3848 7955 5122 403 4231 3910 1077 6742 520 718 1599 8436 9688 1760 5551 403 
2690 2350 5007 6607 1121 3000 9999 5247 834 7972 9283 1382 5836 2378 5256 342 6612 4931 7693 2108 653 6820 4400 5336 429 6133 1158 9723 9350 8151 2446 4310 9858 6612 8072 1920 6992 1833 5058 3512 2623 7826 4212 6652 488 2341 269 6170 2594 6258 1197 2277 7264 4553 2613 1179 8813 2060 1371 5860 170 8391 1970 2269 5223 1389 1066 2581 9265 101 5268 3191 8955 4933 6440 2858 1072 7853 4138 3382 8871 3975 8331 2712 3016 141 7580 263 351 9884 4584 9080 9183 7880 8882 9263 2024 7297 1405 1143 
7403 2068 7099 9220 5981 7332 5576 2135 3211 9162 4311 2289 1006 1738 4621 9483 3423 8009 5917 934 7132 1532 436 7583 8907 8947 6086 933 4302 2726 1033 4430 4663 7854 4544 8886 1726 839 1290 9818 1858 3444 221 2788 893 980 6732 168 2250 7812 3457 7726 5883 6709 6935 1072 5654 3615 1239 9735 4576 4918 261 2466 5325 2812 2508 135 1622 7351 4392 7212 4684 4804 514 8199 3372 6444 5857 2773 4292 7830 9710 3689 3509 6734 9385 6293 6761 8069 3979 8781 7239 6120 3931 2314 228 9221 7877 4957 
8508 9307 5752 2661 5922 4273 1983 8658 9620 3418 8786 5114 8131 8808 6174 829 8785 5167 4226 4884 7820 5419 7627 6303 1322 4661 787 4239 165 753 6757 4305 7097 6923 9076 476 8059 7044 7244 2189 6525 503 7913 977 7839 2881 791 5202 7896 7184 2426 3830 982 1243 9183 7349 3266 9411 2403 5545 2487 3545 1698 410 5044 2032 898 6475 4608 3539 1522 4703 2846 2378 1229 2881 1281 185 3491 3522 8898 2970 8857 7779 3887 9741 5936 3158 1382 5324 2116 6736 1107 3428 1702 8930 1878 8705 6124 2440 
2873 40 4791 1697 1984 5963 1253 2081 113 6713 649 7619 2790 8788 2920 5651 7969 343 548 9019 9695 5128 2702 2588 2656 4858 520 5103 8999 2630 4185 1660 5645 3595 9012 6556 4746 2563 1643 1338 4246 920 2320 1679 2445 1447 2381 7870 146 6643 8741 876 5797 2094 5930 3844 4791 4756 2815 2059 749 1736 5649 1695 9508 4338 9826 5013 9349 5721 1654 4916 1849 5422 546 2236 5374 8297 7841 3595 9434 6393 8841 9793 2991 1110 7470 2754 4496 9736 773 5276 6115 5565 1148 537 4839 407 9320 695 
8648 5061 5070 3047 4881 8068 2118 6483 9266 2772 9965 723 4802 7039 9466 6417 6454 6536 3059 300 8706 5041 4721 890 5951 1440 6914 3218 270 1330 7101 6809 7372 3519 4043 7466 9095 2561 4740 1195 3680 6080 5015 3118 1777 8495 2911 2054 8769 7117 1266 1739 3686 3908 9739 9087 8522 7222 9243 6273 5457 6329 923 4450 3193 7344 6325 1415 5731 605 5332 1038 5585 8275 7625 1684 6913 6529 687 358 1625 1068 721 2759 1187 971 123 705 2267 6857 31 6671 8310 8790 521 2603 5654 559 9732 1332 
2588 2528 30 3026 2125 4423 4185 6061 2247 4907 756 7338 5189 3757 1194 8855 9522 5021 6617 7242 4731 2064 9542 8420 3304 4560 383 2604 1708 501 4912 3466 186 8355 1418 2064 6779 2900 7761 6320 9149 6023 3061 6890 5966 7256 6980 5956 2490 7315 3645 4240 3633 643 9800 1496 397 3648 373 2605 5714 7817 882 4496 5606 7805 9600 2640 8739 928 5944 5110 4475 7500 3994 8030 636 8022 6279 7031 7684 6035 5920 5131 6870 939 3965 147 6109 221 3411 9717 1137 6467 3952 5376 2488 4758 56 9898 
9071 741 4694 5511 3336 8355 1931 9357 7750 287 1818 3782 951 3527 3528 4005 5906 4607 798 4588 2449 3679 561 2334 4384 3723 8803 5793 1655 2791 5787 8566 708 7882 7267 4875 173 7298 3392 7360 6037 6057 1927 1114 4700 9063 1310 1765 684 1080 6353 3773 5217 9278 7639 5038 6504 1866 180 4170 6028 2407 6239 1259 9533 1208 8054 6522 4914 7204 5185 9183 8864 6190 533 970 6827 4378 6091 9970 3020 8636 5056 924 1236 275 1373 6462 3185 4791 8425 3204 6782 1039 7310 2946 3296 5654 8745 8043 
8510 3406 7798 3250 4240 9317 7164 4032 9019 2600 8373 6997 3835 3333 1393 5234 8355 1317 475 1430 4754 1402 3948 6023 582 277 1342 6483 7157 1164 6628 3000 2937 2634 936 6945 7580 151 5876 6946 1221 6553 2342 7414 2529 7307 2686 4630 2678 6749 1177 6045 1715 3916 8291 5562 6188 1411 8201 7078 3685 3762 4589 6455 3965 4079 7981 4468 1709 3946 1861 5097 4400 8758 2468 9837 2069 7700 4621 8546 6867 2305 2320 2605 6446 628 4760 727 2311 2657 8661 2291 4552 17 5581 4977 2847 1093 7070 2370 
1322 6504 376 909 8853 357 4137 3537 1136 506 2952 684 6309 1723 262 2988 8728 378 562 3620 1456 1925 9948 337 7141 2576 924 8333 170 3957 20 628 8524 6937 5043 2774 2059 497 1948 2908 7514 9492 9030 2413 2946 7363 581 4195 2988 2550 2969 6154 2686 8521 4037 1785 7940 1864 6466 3333 6467 2646 6165 3266 2827 7668 6783 2283 827 9711 6948 1924 9162 7275 1503 445 2515 8511 2531 8346 3823 9841 9316 6209 554 4212 9351 6788 847 1615 9192 2751 1605 8528 219 500 8382 1665 2117 3605 
5757 5465 2171 2450 8680 1478 7387 6388 703 6921 122 2681 7708 5491 5309 7633 635 7695 764 6151 9932 1647 8916 8101 3702 8204 1645 6593 9518 2440 3163 8572 168 2150 9864 1470 541 3037 9298 1658 831 8505 1040 4023 8521 8818 6715 1313 2298 1825 2363 5805 5603 6784 2752 2397 1902 9665 1890 6467 6898 9586 2107 3288 1173 6623 8723 8319 4929 1736 9916 3638 7866 6101 9423 5389 2014 6920 2134 8571 398 9154 220 1261 1213 7928 1714 159 9142 599 6084 160 6899 6006 3963 8129 2443 4363 3892 2991 
1131 9600 1985 1217 4409 2247 1390 3844 9653 204 1302 7765 1888 3626 1319 5918 289 9297 1348 1877 1078 8391 8570 65 7768 9612 4885 3903 371 6082 2499 2292 308 7500 2153 6483 3011 870 5045 4337 9235 2390 5716 3224 8136 7186 7396 1065 2696 8418 2797 2309 5461 9047 2908 926 2394 7165 2784 1225 7908 3884 8120 3687 9331 6853 1596 8564 5553 1131 9404 6943 8738 3279 8006 3548 8141 401 9404 4806 5706 7828 36 9417 2764 1042 9106 911 1073 5967 9475 1144 6263 2338 3547 6992 1409 2385 4322 5324 
3867 813 5467 6853 778 4910 3637 536 856 3536 1973 5901 2302 1678 8179 2663 4482 5309 1924 2235 8740 1101 4072 8980 7668 7403 789 4374 8230 6602 2708 594 4648 2932 3450 4378 8147 940 8138 262 9024 3781 8952 8229 9037 6360 1329 8552 8672 1410 4266 7771 508 9260 1286 1557 5378 7504 8300 5891 2281 8088 1960 2480 1776 4664 17 4951 9972 31 5403 7532 9182 5258 3406 5256 5406 2651 262 4019 8878 1368 6556 2743 6128 2150 5893 1667 6441 2455 3754 6717 1762 1506 120 2284 1229 7346 3816 3588 
1093 2465 6625 3123 6121 1783 3149 1100 5546 797 3050 274 2435 1367 2898 3031 4457 2018 3805 3605 6162 7306 1269 4381 9515 992 2522 1119 1701 2009 7175 5961 8223 7994 1365 7619 5658 1330 1374 6698 8233 2665 597 27 471 4520 6612 1331 7294 7193 8230 404 8101 5729 2486 4299 3017 602 1176 7760 8448 9382 4407 94 2714 752 9246 6499 1864 8805 4330 9178 2418 7892 2175 6423 6835 3634 3003 8227 1080 9313 7976 6601 5145 3858 1654 1471 4391 8328 7080 793 4983 1583 9038 6362 3325 7117 8259 589 
8141 8808 3640 9716 3389 9432 4352 2414 1935 1214 1053 6654 9662 565 1915 2697 135 4759 6076 8785 5931 6547 5140 2000 8609 430 5509 8566 8993 5080 3694 5607 606 97 5679 143 4915 780 2065 9688 9970 5618 8964 205 5993 3674 4520 3471 8007 5655 6735 4248 1805 8179 323 7438 9351 203 5781 1787 4989 4874 9206 9850 9173 3898 8809 1876 7100 8744 7544 3132 7861 8744 4150 4824 8737 7450 8629 2434 3648 3467 8297 989 822 3918 7661 9131 9329 3804 8260 7294 2298 8346 8515 2046 4778 2827 2301 9755 
223 3445 4158 1908 9088 2808 6013 3271 2893 8476 1611 9065 1274 2042 7409 1720 1965 7774 554 607 6150 6603 5036 5946 1007 2352 941 2427 2148 1962 7411 2668 9205 8314 5340 3910 8154 3560 4863 7265 9174 6648 1971 7117 6126 2156 2703 5345 1628 2602 2466 4130 5679 896 180 3718 1381 7061 5868 8264 8732 5009 4611 159 3606 4559 4584 8539 587 9842 8534 9808 4627 5175 5507 6310 6164 1514 9259 2047 5304 731 2461 3467 7571 3137 9747 1705 5556 1487 3816 7263 1306 903 821 9659 5929 9469 3756 1163 
7404 5725 3001 4554 9245 576 6389 7868 5907 4746 3069 2668 1436 1639 5203 1123 5275 2248 707 6124 5843 9657 9833 1398 2133 5509 4945 5418 5014 875 7550 1421 6181 2210 1760 3048 4891 9915 8848 4518 3668 6183 413 3166 7565 1513 9884 8338 495 5772 2011 8311 9195 8904 7335 1382 37 8849 2335 2338 2646 7153 728 2155 5517 1688 9218 3650 838 3569 2715 4958 6014 1542 8483 7390 1414 3686 9600 5088 3190 9254 1827 9186 4435 9878 2570 6663 2099 5109 2023 7676 9713 2760 6417 6011 2269 1783 7305 8144 
3766 9688 656 9386 5002 1777 3687 6004 877 3736 4743 5621 7112 6861 4771 324 3332 6538 4618 5424 887 6473 7793 1040 46 9927 5041 3302 7084 8744 8860 7897 4994 5275 8166 9507 2016 6463 1650 328 7418 3318 1306 152 7038 2457 7443 1191 9525 3388 2624 2891 8296 8212 9878 2693 2118 9734 5392 1380 6099 6817 5939 6630 483 7871 6341 2993 6695 408 2746 4033 982 4632 879 7634 1536 9602 2891 2529 1295 8245 9634 1950 1711 6366 7724 9717 6272 5501 9094 9101 2010 6108 2583 5951 6368 30 3573 9019 
4167 9813 2728 5912 617 423 9584 1292 1893 3249 611 4043 7098 9468 7690 8066 5076 2831 7228 2614 261 2165 7835 5752 8536 9185 6510 5356 5122 8687 9390 8267 1657 573 4869 9878 2778 2282 7443 315 5958 6349 2083 2253 7261 8729 2734 4367 5054 1968 6271 1473 2012 2437 8903 3198 7653 8311 193 3925 7696 251 3384 7383 6341 5512 8887 2192 1330 6809 1778 2634 5370 4943 2468 1566 9520 1013 3544 3789 7637 600 6411 1502 1326 2342 7954 968 9594 9910 9784 8626 4147 5513 7979 4520 1954 4383 6488 9777 
4776 3917 8275 448 4490 3069 1676 8744 9020 9079 6191 2467 1538 8639 1194 3028 2643 8447 2404 5627 1151 4566 7884 6010 9170 7505 8431 9334 489 1097 287 6368 6261 2365 2688 1924 9774 8929 532 5665 5545 4535 7882 8042 4797 9534 611 1501 578 632 6341 9714 139 8096 4611 6054 4870 5339 8365 217 7730 4798 4883 9124 9104 5921 832 3967 4861 2115 7381 9330 3519 6766 355 6890 941 9819 3869 4719 4388 9321 8382 7268 7095 4939 8231 2782 3527 1440 5931 1528 484 6023 6862 9254 5730 1665 6891 7753 
5487 217 1477 4627 4772 5698 6481 9659 4523 1265 9394 1139 5200 3787 2741 3832 4650 1999 8990 3642 6524 1543 418 1901 3815 9467 6487 1390 1507 9990 649 426 5646 2221 4062 6028 8547 110 9196 197 3886 5333 4825 3265 7087 5541 9235 919 925 3109 1890 8433 5422 9160 3947 1470 3812 2290 3238 2516 6442 1832 6418 7865 7583 1271 55 5892 8722 1015 7036 3856 8399 9345 1482 9793 3224 4943 7745 1545 2296 6260 7306 9309 9188 1116 8700 804 355 1348 8579 1968 9648 6973 2414 2992 4573 205 1895 8932 
1049 3815 8601 3027 149 1388 2669 9002 6964 5666 3749 4694 8930 9140 8669 6308 5895 314 2463 7510 4347 2122 7654 9737 3180 207 4149 9157 3677 1561 2936 4981 4226 8917 8091 7767 6089 2639 3674 1526 6299 6389 8329 9158 4788 3597 7557 9055 9326 7434 3082 702 2181 2555 7591 9864 6503 9637 2735 1217 218 4802 8513 1757 8818 4506 2538 5172 3123 7809 697 8651 6628 1872 7092 1392 9317 6712 4761 7830 6834 6469 6775 2690 4040 288 1966 2581 8184 3911 9348 1068 3306 785 7642 9332 35 380 4574 3842 
4714 1930 4690 8482 7992 5724 2317 4893 8526 1421 8593 5265 4251 4722 2589 7292 6669 1583 803 2168 6968 3294 764 3806 3077 5597 4091 132 6029 4117 4128 2808 2583 802 286 2546 5070 1024 8046 1893 1142 8658 2741 6343 6512 41 6868 5362 9532 707 8879 1865 6238 7521 9360 3262 5157 6718 8076 7235 1288 3837 5030 3680 6705 8850 1331 9189 9950 2468 9454 592 7990 7985 8413 3937 5962 6354 9860 5420 5884 545 1880 655 9555 7945 7574 7541 1727 1324 3493 538 3243 3738 2874 5728 6385 193 6426 4641 
9362 2528 9013 6230 9845 8657 3265 6039 9584 5366 3573 5796 2773 3683 247 2020 6815 924 6216 7947 461 752 1758 593 1198 8566 4386 2497 3646 1415 2316 5792 208 9757 7563 1711 6812 9626 1401 2993 1771 2092 1151 8017 5505 5168 869 7950 3625 1668 620 5592 1127 1569 2432 3072 4634 841 6360 1803 4305 4957 3263 808 8496 482 8776 5282 4483 6773 6142 263 1554 2093 8570 5114 405 5904 9848 3862 7466 5928 28 9252 677 6199 2593 3231 4903 4697 1186 7430 738 1258 7213 6817 3179 4344 9156 88 
2241 137 2790 8433 8142 9776 4638 1624 4828 7564 4202 7523 457 7233 8207 7511 5390 2299 234 4213 764 6512 4090 6361 2504 4918 1324 7765 2313 7062 2503 9081 495 9455 330 438 9846 4557 8227 3587 7147 4907 1234 1823 4895 5190 60 4920 9802 1684 8100 4284 8386 1510 3127 8157 6795 1930 1974 9946 9665 2132 9290 8413 7908 8621 6963 9871 5155 9164 3809 7474 6765 3461 9159 4768 2179 2719 7789 2000 9474 5867 5381 6826 5808 5457 9184 43 7989 749 1986 314 2572 6362 1747 8507 6937 3997 103 9908 
7197 2406 1457 2335 4104 7378 5411 9488 6654 7749 9193 3543 990 518 4951 7575 4015 4667 5983 9048 9787 2295 3400 939 1313 9873 7707 8525 8293 3335 9152 1613 9275 3634 4073 2112 612 7739 6637 8693 7304 2591 4904 3077 1957 1007 4432 157 326 1531 5611 5407 4152 576 240 710 3577 560 3371 6361 9249 6849 7189 2865 3798 2744 7395 6094 8762 8087 1469 5751 2216 9029 1154 5633 3776 4093 666 5011 7774 682 7452 8087 1298 369 210 1938 8923 7935 5001 8648 9797 8917 3741 506 581 177 4453 4001 
2050 6127 2219 6384 5191 463 9775 2213 6102 1769 8636 1536 8495 3903 6490 327 5233 5073 2998 6521 4320 983 1695 3521 9256 8074 3090 2654 2385 2452 4953 4289 2227 3722 415 1430 9132 8070 4359 2551 4080 186 6381 7645 2032 5218 3309 4104 3758 553 4740 4241 6912 5839 8148 7854 9667 8089 5963 8086 8305 6633 7589 9686 374 7968 4033 9619 7120 3569 7938 656 4949 2424 7319 7442 8106 1963 1325 130 161 4064 8020 4467 178 5343 9119 7254 9629 4121 9536 698 382 5865 7731 8887 4754 7353 8569 6493 
4106 7529 5304 9272 1438 5724 2385 7383 8308 4787 1251 5085 1521 862 174 9991 542 6719 7738 1600 5999 8258 201 6738 2528 5531 2506 4861 8496 4526 7663 8253 5219 5524 6850 9878 1763 9789 6195 3507 6103 4881 7701 2689 3174 9291 6682 7653 1837 2200 4428 1205 9424 2284 3566 341 3294 5399 178 3776 4680 7366 6940 6218 7459 6444 1334 2692 3467 8483 2581 5280 666 2285 9820 2629 4250 2928 3312 7717 9767 7330 749 8957 1577 4912 1687 5228 4176 7477 9074 1608 5713 5146 1238 1294 5233 8025 7581 6664 
2351 2598 4591 6212 3046 9280 5121 562 7666 5044 9513 30 7444 3731 2789 8175 6849 1781 1372 3007 5776 2622 3124 9229 9491 6832 4614 7807 357 241 7248 2251 5238 9855 4489 3240 3395 6993 3946 1952 9065 7535 5643 2329 9850 805 7772 917 4497 2692 4805 3174 8867 9465 9087 2854 7704 8322 7573 1366 2056 4686 4821 4181 7209 437 988 5652 344 7096 6705 9927 3413 298 5120 4702 7684 4031 218 3509 961 7140 9994 4809 8868 2719 6556 6364 3061 9672 9833 9307 1426 728 390 7614 7135 384 2014 2319 
6093 1806 2172 4655 8398 9084 6734 2357 5208 9434 5783 3784 4776 4317 7556 4880 3065 4871 5185 679 3765 3400 7564 7478 4202 5509 6874 4749 2145 9273 7480 8307 8555 2186 9189 5039 1037 2109 4031 8390 5166 812 4651 2774 7199 7575 5625 9938 1690 1721 5767 2687 109 3420 1684 5150 6297 5023 24 3756 8694 6999 5443 9958 7514 8772 9427 8721 3834 54 7002 2712 6640 8047 5374 5783 3277 7195 8787 7192 4080 7917 3622 780 9576 8875 4027 6717 1031 5806 1194 1537 423 1459 7013 4273 4625 6485 2926 2075 
316 2222 7622 8661 8883 7099 2105 6851 1851 3152 8072 6202 2515 348 7974 9318 1740 7534 1176 8921 3595 7704 1799 9269 3068 1939 8680 8908 4489 8020 7022 2982 572 381 1549 9155 5794 1703 6290 5985 16 6814 6498 1648 1146 1981 2576 9700 1665 6860 627 859 3821 8343 6087 4096 7852 193 1682 5567 6346 3849 4650 825 7409 7692 6422 2234 8674 6139 4978 234 3125 4782 3527 561 8766 1864 4010 6527 5441 4013 7396 2283 1718 1426 9442 4665 9792 4900 6477 6609 1307 6060 4348 8190 7428 2545 6329 3828 
3470 7999 3586 2614 5858 7815 5073 631 1574 6822 2766 8671 5713 3082 4643 9760 4702 1202 9008 8362 2159 3365 7200 9515 7892 1750 7483 1931 3789 4727 1806 2216 764 956 7592 2109 2846 8065 9031 3592 5947 6990 1090 8204 5083 5081 5816 3284 6524 5229 5833 1305 2018 891 2739 4118 4798 1326 8256 409 2371 947 8141 797 1316 9224 9774 4742 8049 2916 2513 141 7364 3048 2368 1469 1015 2421 2507 2429 9417 1614 8261 3887 4689 1406 8429 5368 2593 8509 929 720 8382 3151 4302 5324 7759 4798 6811 9739 
917 3913 3542 2254 8714 1757 47 6316 8157 2739 1060 1892 1948 1770 236 6932 9283 4071 520 3337 3716 329 5367 392 6983 9138 5705 2205 133 5747 2679 7826 7455 9527 7664 5331 3061 7652 407 9327 483 605 1499 1489 2862 427 8535 1071 3168 9436 5547 3219 9088 1597 2570 2297 5430 9172 2519 1896 5885 689 6953 4004 1930 5159 1334 4355 5340 1349 5327 287 228 9210 8600 6155 5543 2856 2764 2906 4737 7752 958 5324 3197 5966 2531 9738 3698 3214 8590 1044 7104 4319 2043 3705 6860 3136 8528 4967 
7895 1240 9521 6020 6182 6978 8052 5948 782 7641 900 5003 6174 656 3417 2317 706 2102 9144 4756 8324 2615 6983 8651 7749 9110 420 2169 8557 2714 4135 9623 7712 4566 7764 2085 7090 6494 7525 506 4011 1143 5448 6971 7918 558 1573 1982 6455 4748 9139 895 4099 3960 9979 531 4725 845 5692 603 1590 5613 2257 8667 1948 6342 3200 2780 1023 37 6677 2894 8072 1337 46 8850 1434 185 7752 9991 1621 4728 6538 5971 9608 2455 9072 3157 6808 8620 5995 3417 9855 2178 6215 3099 6870 9361 1805 1135 
1541 4047 8842 5760 442 5671 5632 7720 1977 265 6267 4368 5860 5107 6503 8232 6155 5774 2208 889 181 2075 601 2057 7199 5216 8545 7967 8916 8030 2387 6151 1534 1893 6574 4104 3244 8746 4277 9396 292 1223 7879 5488 2395 563 1488 5733 7139 5749 9313 4903 8436 1395 6079 9476 1263 4463 3768 1742 1934 4533 1051 6636 9376 9406 1639 3582 6003 1865 5348 8432 6451 6570 5330 4385 163 787 9551 9732 8681 6674 1229 9798 4270 8379 131 1825 9014 6584 7314 5249 4413 8830 571 4598 8931 1042 5023 2201 
5658 716 3815 5346 477 3354 2277 1673 7203 7080 1579 219 692 1471 6315 6991 6091 4300 2222 9530 7373 2402 6601 1664 6713 2498 2716 8012 3392 6490 4157 7554 3783 8763 7477 4931 1722 4480 9897 5856 1732 220 6828 1459 4109 8291 6611 5786 1410 2044 8489 6213 7051 5205 1027 6515 2137 9352 391 4664 6975 6829 8457 657 6594 7247 4198 715 564 8083 277 5024 6605 2598 9082 6451 3659 6679 3372 607 2380 9509 6826 5307 5321 9674 906 1521 3094 4824 2098 0 9383 5603 8251 2110 7717 6255 5746 7729 
96 923 256 688 6551 7151 3261 4165 9559 8642 4304 998 4097 671 6266 3444 4943 2952 1301 6916 2167 6587 871 2045 1344 7748 1387 4864 5413 6420 2881 6975 5513 2225 356 8407 2010 7358 4349 607 5816 348 1862 8854 3527 5584 8674 5992 2468 6343 3723 1890 6581 3928 6412 9254 148 665 9393 2529 8124 8917 3035 955 4724 8140 312 4398 9757 7243 162 9451 4695 2125 6646 3961 5049 6546 3209 2591 9936 8080 8902 5220 967 3911 187 8821 1336 5913 245 1063 3394 8234 936 8142 9436 4516 9076 2765 
3977 6910 1348 6943 7788 9534 6777 1221 2141 237 166 8848 8716 6090 4013 5266 1830 4145 9259 7744 1479 1981 6671 1547 8943 9403 1376 6816 2375 5826 4816 7196 1797 9776 6923 2531 3870 6758 4053 2355 6764 2807 9907 1877 2896 2461 5448 1044 8618 8317 9059 688 2631 7052 5079 4645 9897 769 284 2920 61 4540 4916 6498 2218 1496 5968 4401 6582 3214 2259 2507 4445 2026 5623 4756 5892 1745 8815 3921 9882 7891 5085 9357 8944 3470 1093 1677 3259 3987 882 9440 1736 1757 3208 7369 3343 4878 393 5007 
2283 6940 1627 9172 6425 3437 570 7605 3838 7119 6170 3154 4350 412 5664 4191 4523 3275 2322 9082 6203 4025 1995 8094 3197 1034 2740 3319 8989 2203 2175 7 1126 1210 8838 4968 3047 8665 1908 3746 9433 6990 1553 351 2624 1198 1956 4366 32 2668 4516 2885 7778 860 8048 6571 4038 93 240 4053 4843 4598 7195 2095 8750 7920 2554 2093 2064 4341 1325 770 3627 1159 5452 9472 5477 7188 6257 561 9926 312 3717 9767 1671 6083 3527 6831 9339 3581 2724 6091 4003 3735 5859 9935 2892 6964 7889 6172 
1403 8713 3341 9468 8397 1888 7572 9597 5560 4787 2623 6658 1382 9031 2411 3222 7283 6294 5754 9570 7972 5842 2584 3840 1434 1831 4177 8161 1240 6864 6401 9645 8097 2269 844 7673 9510 2836 1295 462 8463 2021 3478 3575 8135 5810 1232 170 7581 6942 416 4219 9832 8149 6965 1294 5050 4413 988 8444 8041 3068 4404 2839 2122 7114 9554 9185 8222 120 4758 1386 6114 7457 9614 8201 4946 7328 3866 9885 1246 5714 3264 6180 3071 5933 2225 5867 1867 3089 731 8423 8567 6254 1888 1204 5325 359 8023 6540 
2351 4022 2546 4042 6154 4671 9120 1695 4830 9961 2147 8453 6061 4682 2884 659 9634 7090 3942 1792 6308 4476 680 4475 3579 8496 8063 5306 4195 5196 2100 6545 7967 4517 8457 3526 2559 8856 2914 8419 1828 4245 7122 8155 7219 8159 3459 529 9721 909 1370 1189 2974 4037 8170 1712 5933 6025 8584 834 2627 8130 4303 9210 2166 2973 9973 8982 2248 2979 285 4235 6540 7645 7359 8087 88 9304 9237 5701 7323 6373 2983 1298 8337 5012 8905 2286 5668 7538 1091 3060 4694 672 6145 1581 5837 8759 9325 209 
4014 3320 3354 9280 5053 7321 6802 5233 4675 9053 2834 4825 7457 2162 2003 1710 6276 1185 1421 8780 4921 8658 9672 7912 6339 3183 3043 1139 2587 4329 2424 4897 9592 9472 1535 6890 1711 4591 6915 1697 92 1654 4162 5283 3394 8349 2568 2674 8079 7957 1550 819 8548 9169 7631 3669 5379 9333 7708 2404 8121 142 9936 7548 4287 6034 5382 7441 188 3241 5610 1934 8397 1900 1501 3197 2199 7469 797 1255 4139 199 9028 8460 732 1320 4720 3733 2574 572 1219 1399 8095 3579 668 555 1882 9222 5510 1741 
6873 5678 15 5521 9051 6198 8731 8957 9191 6218 2026 2403 560 7168 5351 4333 8377 5981 5443 6622 3323 1659 1954 4582 260 650 3716 6966 2498 3029 2598 7637 7489 9542 8170 9922 7857 7661 1492 3387 715 989 5271 1726 2549 359 5920 8734 4949 9258 5216 3209 7666 7899 6656 5447 2321 2594 6320 1109 1967 4758 5696 1714 7706 3866 8403 4953 9093 6551 4865 9889 6907 5100 7068 6114 2723 7348 661 9001 2165 8647 8671 9485 285 675 7668 6227 4077 4812 472 9039 2456 2257 6683 3756 5292 145 9954 2782 
3375 2606 5688 9526 8926 3266 2097 1413 1106 1791 639 8436 3 6875 5193 2100 497 4683 1864 7890 5281 9631 7380 5325 3541 9455 271 6123 3504 4036 1280 6232 1496 7178 6402 401 653 8196 7022 7520 5128 2353 6983 4617 535 2526 5076 1748 569 9628 7251 140 2245 9075 9164 7959 512 2518 1236 6071 6622 8121 2819 4945 6120 2161 7816 3819 831 8460 3259 4987 1328 3777 883 8318 3017 2184 3369 2551 1867 4060 1901 1416 5072 6560 2696 53 2222 4769 2722 663 7181 1914 8692 1983 5622 4461 8032 892 
8157 7857 3136 6718 1952 4119 1901 1820 3264 1058 8801 979 5935 4310 2254 4431 6586 735 1296 9839 474 8997 705 2932 7046 4623 2236 7227 1947 2598 756 3164 5118 4347 8197 737 5585 1980 2427 4442 3652 9587 9315 8624 8958 2783 9278 7865 1709 4407 269 2365 8938 6844 1225 7414 800 2382 1538 8445 9982 98 8059 6450 7995 2819 1971 2955 986 6503 7687 5938 6510 6835 4838 6664 8992 2433 5078 9134 2542 1776 1365 3334 1462 493 5922 7381 6820 2721 2829 1292 2024 9339 6540 2535 8555 5088 1664 8870 
7092 2912 2968 7562 3494 4331 8980 9698 4268 6755 1820 2694 6056 2275 7250 6339 6535 2672 2036 2073 4505 5632 9863 8241 9472 7705 1169 7476 5127 9898 2006 9096 9174 4207 1926 4843 4515 529 7332 9141 426 2557 4505 665 9168 6727 874 4556 7285 2190 4104 5001 7048 801 71 7957 6671 1426 2513 3295 4295 8458 331 2137 8217 9469 1048 6509 510 3584 1933 4298 7748 9960 3734 4974 5361 5652 6103 6281 1479 5630 5028 1183 3129 9310 7333 382 2605 4512 1204 3520 3666 599 2569 8851 7076 8322 4120 8328 
670 269 6809 2361 8384 2395 2937 3518 1905 2035 8783 4929 7062 2888 3314 1601 5219 1934 3048 1652 5361 4282 706 3185 1873 8617 1719 5213 480 3700 8829 2035 3516 2594 6895 105 4662 8302 1148 2929 6024 1947 1212 1806 3849 9941 4760 3208 6814 9146 6762 7489 5972 1369 83 520 8571 1737 9372 5086 6101 6317 4623 2568 7519 6726 1879 9428 3551 7738 4693 4111 7039 4996 4901 7798 9065 540 768 2764 2436 41 2 5963 2877 4179 1231 3566 4441 3342 9730 1919 714 5732 7622 205 7712 5762 7897 112 
9426 8534 8270 8400 2526 9415 7810 1682 109 1749 1104 7460 4858 4483 6281 3036 3621 2739 8878 796 1187 9280 4512 4280 6808 6513 2939 7355 151 9725 3069 7062 1305 9066 6637 6939 5548 7595 2650 7354 718 1177 66 8762 3419 8192 5557 2554 8691 9310 584 2183 1536 9559 1886 1393 438 4845 2356 9002 4683 1103 6428 1998 2841 1023 5692 6841 5730 4392 279 1062 340 2511 317 9636 2941 6585 1471 2414 7680 5006 2278 4746 9240 8348 6468 9297 6141 9151 9418 3329 3877 8240 1756 2832 7868 2172 3090 1186 
3719 1590 1840 4173 7526 9983 2889 3483 4808 4773 2415 9471 355 5946 7182 3163 9076 2278 2090 4690 2020 3936 1574 26 9628 249 9286 4292 9322 8057 391 4558 8420 670 6621 5944 1004 1138 574 6279 3125 2028 462 4631 3893 9866 1353 1924 1308 4910 1800 6618 1892 9782 798 283 9321 2097 8466 8993 3082 7534 6451 8581 6993 8967 8663 5215 1376 8527 68 4431 8556 87 2434 6684 4574 9511 1984 1483 1063 1195 630 9250 8676 2283 203 4029 4131 3984 5193 1904 6901 4 2958 2542 5925 4586 8452 8714 
